DEM_file1.asc
ncols        762
nrows        601
xllcorner    20.423750000001
yllcorner    49.694027777774
cellsize     0.000277777778
NODATA_value -32768
[rows 252 to 293 of 601, columns 94 to 187 of 762]
454 452 451 450 448 447 448 449 449 448 447 447 447 448 450 451 451 449 447 444 441 439 436 437 438 438 436 434 433 431 430 429 428 424 421 418 414 409 406 407 410 413 417 420 420 421 423 425 422 422 424 425 425 429 426 420 419 417 414 413 417 416 419 425 426 423 422 423 421 422 426 427 428 427 428 428 426 423 421 419 417 414 413 413 414 413 412 411 411 412 412 411 413 413
454 453 453 450 448 447 445 445 445 443 442 442 441 442 443 445 446 447 447 442 434 430 428 429 432 434 434 434 433 431 430 429 426 422 418 414 413 409 407 404 404 405 405 406 407 413 412 413 413 414 415 419 418 417 418 419 420 418 418 413 412 411 412 417 419 416 415 416 416 419 423 424 423 422 422 419 419 418 415 412 409 407 407 407 406 407 407 409 410 410 410 411 412 412
455 453 451 448 446 445 444 444 442 440 440 438 436 436 437 440 442 444 439 435 432 429 427 427 427 428 429 429 428 426 425 424 422 419 416 412 410 409 406 404 404 404 403 401 400 401 403 406 407 409 411 413 415 415 414 413 413 411 410 409 408 408 407 408 412 410 410 411 413 416 418 418 417 417 416 412 409 408 406 403 404 405 406 408 409 410 412 413 414 414 414 416 418 419
454 453 450 449 448 446 444 443 441 437 435 434 434 435 437 441 440 438 435 434 431 429 427 425 424 423 424 423 422 421 418 417 414 412 409 408 407 406 405 403 405 404 400 401 397 401 398 400 403 405 407 408 409 411 408 408 410 409 407 407 407 406 403 403 404 405 405 406 409 410 414 415 414 412 410 408 405 403 401 402 403 406 410 413 414 414 415 415 416 416 417 418 420 422
450 448 446 445 445 445 442 441 438 436 434 433 433 436 434 435 435 433 431 429 428 426 425 423 421 420 419 419 417 415 413 412 411 410 410 410 408 406 404 403 404 402 403 401 397 399 400 399 399 402 401 402 402 401 400 401 403 403 404 404 404 405 405 401 401 401 401 401 403 406 409 410 410 408 407 406 403 401 401 404 407 409 412 413 413 414 414 415 418 421 421 421 422 425
447 447 447 446 445 443 440 437 434 432 431 431 433 429 429 430 430 429 428 427 424 421 419 418 417 416 415 414 413 411 411 411 410 409 407 406 403 402 401 401 402 402 403 402 402 402 400 400 398 396 397 398 398 398 397 397 397 398 400 400 399 397 397 398 399 400 400 399 400 403 405 406 404 403 403 402 403 404 406 409 410 411 413 413 413 415 417 417 420 422 424 428 432 436
440 439 439 440 441 442 439 435 433 432 430 432 430 428 428 427 426 426 425 424 421 418 416 416 416 415 414 415 415 416 417 415 413 409 406 403 401 399 397 398 401 403 405 406 405 404 401 399 397 395 395 395 396 396 396 394 392 391 393 394 394 395 394 394 395 397 397 398 398 399 399 398 397 398 399 400 402 406 410 412 413 415 417 417 418 420 420 421 424 427 433 438 443 448
440 440 438 439 441 441 440 437 435 433 431 431 428 427 425 424 423 423 423 423 423 422 421 420 420 420 420 422 421 421 421 420 419 417 414 410 406 402 401 400 400 403 404 404 402 401 401 399 398 397 396 395 394 393 393 393 392 391 391 390 390 390 390 390 390 392 393 395 395 395 395 394 395 397 399 401 405 412 417 418 420 420 420 421 424 427 430 431 433 437 444 448 452 455
448 445 440 438 437 438 437 435 437 433 433 431 430 428 425 424 424 425 426 426 427 427 426 425 425 425 426 426 425 423 421 419 420 420 418 417 415 413 411 410 409 408 407 409 405 404 404 405 404 403 404 403 402 402 400 396 393 391 387 384 382 383 385 387 388 389 393 396 395 395 394 393 394 396 401 406 411 418 422 424 425 427 428 430 433 437 443 445 446 450 454 458 462 460
455 451 448 442 439 436 436 432 432 432 433 433 433 432 430 430 430 429 430 431 431 430 430 429 427 426 428 428 426 425 424 422 424 424 422 422 422 419 417 414 412 409 408 408 408 411 413 414 414 412 409 407 406 405 404 401 396 392 388 384 382 383 383 385 386 389 391 393 395 397 396 397 398 401 406 411 416 422 428 432 433 437 438 442 446 450 454 457 458 461 465 468 468 473
460 459 451 448 445 438 437 436 437 436 437 439 440 436 435 434 434 434 436 434 433 434 436 435 432 431 430 431 431 430 430 429 428 427 427 427 426 425 424 416 413 412 412 413 414 415 420 421 420 418 414 412 410 407 406 402 399 394 389 385 382 381 382 383 383 385 387 390 393 396 399 402 405 407 410 413 419 426 434 438 441 443 447 451 456 460 464 466 468 472 476 478 479 481
462 459 455 450 448 443 442 442 441 443 442 442 440 439 439 441 442 443 443 441 439 440 444 442 441 439 439 440 439 439 438 436 435 434 435 433 434 436 438 439 437 434 429 424 422 421 424 425 423 421 419 417 415 412 407 403 399 395 393 391 388 386 386 384 382 383 384 387 395 400 404 407 411 414 417 420 423 429 436 440 444 448 454 459 463 467 469 471 474 478 483 486 488 490
460 456 454 451 450 450 449 451 448 448 446 444 441 440 441 443 446 448 450 450 449 449 450 451 450 449 448 449 449 447 445 444 444 445 444 442 442 445 448 449 450 449 443 437 431 427 426 430 432 426 424 422 419 418 416 412 406 401 397 393 389 387 386 386 383 383 384 388 393 401 408 413 420 425 429 431 433 436 442 447 454 459 463 465 467 472 474 475 477 483 487 491 493 496
464 460 459 457 456 456 457 455 454 451 447 444 442 444 448 450 452 456 458 460 460 460 460 459 455 453 453 453 453 453 453 453 453 453 452 452 452 453 456 457 457 455 454 447 443 443 443 444 441 439 436 433 426 420 415 411 407 404 402 400 397 393 390 388 385 384 386 388 393 400 410 420 428 434 439 444 450 454 459 462 466 470 476 480 479 481 483 484 486 489 492 495 500 506
472 469 468 464 463 464 462 460 457 453 449 448 450 452 454 456 458 460 461 462 462 461 461 460 459 462 464 468 467 468 468 467 467 466 463 460 459 461 460 461 463 463 461 457 453 451 453 451 450 447 444 440 432 425 417 412 407 403 399 396 395 394 393 388 386 384 386 390 394 402 411 422 432 440 445 452 458 462 466 470 473 477 482 485 486 486 487 489 494 499 502 504 510 513
478 475 475 474 475 470 470 468 463 458 454 453 457 461 464 465 467 468 468 468 469 470 472 474 476 478 480 480 478 477 476 476 476 475 474 472 472 471 470 468 466 464 462 460 460 461 460 460 458 455 451 444 437 429 422 418 413 406 401 394 394 388 385 382 380 379 381 386 396 403 410 420 431 440 448 456 463 468 471 474 477 481 484 489 491 492 493 495 497 502 508 512 515 518
481 481 481 480 481 479 477 472 468 463 461 462 466 469 471 474 476 477 478 481 484 486 488 489 490 491 490 488 487 484 483 481 480 478 475 474 474 475 475 475 475 474 470 468 468 468 466 463 460 456 452 447 441 436 431 426 418 409 405 398 392 387 383 380 377 376 377 383 391 402 412 420 429 439 449 457 466 471 473 473 473 474 477 481 483 486 487 491 496 501 507 513 515 517
486 482 481 481 480 481 481 479 477 475 473 474 477 478 479 481 483 487 490 494 497 498 499 498 495 495 497 496 494 492 489 486 484 485 483 479 477 477 478 478 478 475 473 472 473 472 468 465 462 458 455 453 450 446 441 433 419 410 404 397 392 387 383 381 379 378 379 384 392 404 413 420 426 436 446 453 459 461 463 464 464 464 466 469 473 476 479 484 490 496 502 507 510 513
491 486 482 481 478 479 481 481 480 478 477 480 483 486 489 492 496 501 504 505 507 509 509 505 502 501 501 501 502 500 497 494 495 491 490 488 486 486 486 485 484 482 480 479 477 472 467 466 463 460 458 458 456 453 446 433 418 410 403 396 392 389 386 384 381 380 382 387 396 406 412 418 424 431 438 444 447 449 451 454 456 458 462 467 471 474 477 481 486 492 498 503 508 511
497 492 490 488 487 489 489 485 484 487 485 487 490 493 497 502 508 512 513 515 516 516 516 514 512 510 506 506 507 506 505 508 506 504 504 501 492 491 490 489 490 490 487 483 478 471 466 462 458 459 455 455 453 450 442 432 416 408 401 396 390 387 385 384 382 380 381 386 394 402 409 415 418 422 427 433 439 443 445 448 453 458 464 466 469 474 478 482 486 491 494 497 500 501
503 501 499 499 499 498 496 494 495 492 493 495 498 500 506 510 513 518 520 522 525 527 526 527 522 515 513 513 513 512 512 511 513 512 509 506 502 499 496 494 493 492 489 486 480 474 471 469 462 459 456 454 450 446 435 423 414 406 401 394 388 384 381 379 375 373 374 380 388 397 403 407 409 413 415 423 430 437 442 446 450 455 460 463 467 472 477 483 488 492 494 495 495 494
513 513 511 508 507 506 504 502 502 504 506 508 511 511 513 515 518 525 530 533 533 537 537 532 527 521 519 518 516 514 513 512 508 508 507 504 502 499 497 494 493 490 488 487 485 480 478 473 467 459 455 450 447 442 431 417 408 402 398 393 388 384 379 374 370 368 367 370 378 386 391 395 399 405 410 417 424 429 435 441 447 452 456 461 466 473 480 487 494 498 498 498 498 496
520 519 519 518 517 515 513 510 509 509 511 513 516 517 519 520 523 528 533 537 537 537 536 532 525 522 520 518 517 515 512 507 502 498 496 495 492 490 488 488 487 486 484 481 476 476 472 469 467 464 459 454 448 435 429 418 409 402 395 390 386 383 378 374 367 365 364 367 372 377 383 388 393 399 406 413 420 428 435 442 448 454 459 465 470 476 484 494 500 501 500 497 496 493
528 526 525 525 525 524 522 519 519 517 517 518 519 520 521 523 525 528 533 537 535 533 533 528 526 522 517 515 513 511 506 500 494 490 488 487 485 485 484 485 483 480 477 473 469 465 463 463 465 461 458 454 449 438 430 420 415 403 402 393 388 380 375 371 369 368 368 369 371 377 384 390 395 400 406 412 419 427 435 442 449 455 460 464 470 476 485 494 498 500 499 495 494 492
531 529 529 529 530 528 526 523 521 521 522 523 524 526 526 525 527 529 532 535 533 532 530 528 525 520 515 512 508 502 495 490 485 482 482 482 482 482 480 478 478 476 471 465 461 460 460 459 457 453 452 451 443 441 429 427 421 411 401 394 385 379 374 372 370 370 370 372 374 378 385 391 397 402 407 413 419 426 435 443 451 458 464 468 471 476 483 489 494 496 495 493 491 488
533 531 532 533 531 536 535 532 530 530 530 531 531 532 533 532 532 532 533 535 534 533 532 526 520 515 512 509 502 495 490 483 477 473 472 475 478 477 473 470 468 463 461 455 453 451 451 452 451 449 446 443 438 437 431 426 421 415 408 399 391 381 375 372 371 366 365 370 372 375 381 388 395 400 406 411 420 429 437 443 449 453 457 461 464 470 475 479 483 487 487 487 486 486
541 542 541 539 541 542 544 544 543 540 539 538 538 537 537 538 538 538 539 539 541 536 534 528 520 514 509 507 504 499 492 486 480 475 471 471 471 467 461 454 450 447 446 444 443 443 443 442 441 440 439 436 433 428 427 425 422 417 412 403 397 388 377 373 371 369 368 368 368 369 372 376 383 394 403 411 419 428 433 436 439 444 447 449 454 461 467 472 476 479 480 476 473 472
550 552 553 555 554 555 556 556 555 551 547 545 544 544 545 546 547 548 549 548 546 545 538 532 525 519 513 510 507 505 501 495 489 482 476 469 465 460 454 448 441 436 437 436 434 433 433 432 431 430 428 426 425 423 420 423 421 415 414 407 394 388 383 378 370 368 368 366 366 365 366 368 374 378 390 404 414 421 423 425 428 433 437 441 449 456 464 469 473 472 472 469 465 461
551 556 560 563 564 564 564 563 562 561 559 558 558 559 561 561 560 561 558 556 552 549 542 537 532 527 521 516 513 508 504 498 490 483 476 468 464 461 456 450 444 440 437 434 431 428 425 423 423 423 421 419 415 411 409 409 408 406 403 403 394 387 382 374 369 366 365 364 362 361 361 364 367 372 379 395 406 414 417 422 426 430 437 445 453 459 467 472 473 472 468 463 459 457
550 558 564 569 571 571 569 567 566 565 565 566 565 566 567 569 569 567 564 562 552 547 544 539 533 529 527 522 517 512 505 498 490 482 475 470 467 463 458 454 448 441 437 434 430 427 425 424 423 422 421 419 414 409 406 402 398 397 395 396 391 390 384 373 368 365 363 360 358 358 359 362 364 367 374 386 397 405 412 418 424 431 438 445 452 458 463 467 466 466 461 457 460 451
546 555 562 569 575 577 575 571 569 568 569 570 570 572 573 573 569 565 559 555 550 546 542 537 532 529 526 522 518 513 505 497 490 484 479 472 467 464 459 456 450 445 443 438 433 429 425 422 421 422 422 421 417 413 411 407 403 400 398 396 393 392 389 384 377 372 368 364 361 359 358 360 363 367 372 381 392 402 411 416 422 431 439 447 454 459 463 466 468 463 458 452 446 445
546 554 562 569 575 578 578 578 577 575 573 574 571 571 572 572 570 567 563 560 555 549 542 537 533 529 527 525 523 520 513 504 498 496 488 482 471 463 456 454 452 450 449 445 441 435 430 425 423 424 425 423 419 415 412 407 403 400 399 396 394 393 392 388 385 381 377 373 368 363 361 363 364 366 370 375 383 390 401 409 417 429 440 448 454 458 461 463 466 458 452 444 442 441
547 553 561 569 576 581 584 585 587 589 584 579 577 574 573 572 569 566 564 561 556 551 545 541 537 531 526 522 520 515 510 506 503 501 496 487 477 468 461 455 453 452 452 452 449 445 439 433 430 429 430 429 424 418 411 405 401 399 398 396 396 395 395 393 390 387 382 377 371 364 363 363 363 364 367 371 376 381 389 397 407 419 431 438 444 448 452 454 457 452 448 442 440 437
551 557 563 570 576 580 583 585 584 582 579 576 573 570 568 565 562 561 561 560 558 557 556 551 544 540 536 532 527 519 511 507 504 503 500 496 487 479 470 464 461 461 461 460 459 455 449 443 439 440 440 438 432 423 414 410 406 403 401 399 397 396 395 394 391 388 383 378 373 367 364 361 360 360 361 365 370 375 381 390 398 406 413 420 425 433 437 440 446 444 440 437 434 431
554 558 562 566 572 573 574 573 570 569 569 568 568 564 560 557 556 556 556 556 556 554 552 548 543 539 535 531 525 520 515 509 505 502 500 497 493 488 481 475 468 464 464 466 467 464 462 455 455 455 452 447 440 431 428 419 415 411 408 405 402 401 401 400 395 391 385 379 374 368 364 360 357 355 354 357 361 366 374 383 390 396 401 405 411 419 428 434 438 439 434 430 424 419
549 555 563 564 566 566 565 564 562 562 563 563 561 557 553 549 548 549 549 548 548 546 543 539 534 528 523 519 513 508 503 501 500 498 494 490 488 483 481 479 477 474 471 470 468 466 465 464 461 459 457 454 448 441 437 432 426 421 416 413 411 408 407 404 401 395 388 381 374 368 364 360 358 357 354 354 357 361 368 377 385 391 397 399 408 414 424 431 436 433 428 422 418 413
551 557 561 564 565 564 563 561 560 559 560 560 557 553 548 545 543 541 539 537 535 533 529 524 519 515 512 509 506 501 495 493 492 489 486 484 483 480 479 478 476 473 468 465 463 461 460 458 455 453 452 450 446 440 435 432 429 426 423 420 416 412 409 406 403 396 388 380 375 370 369 365 362 359 357 355 356 358 361 367 377 387 394 397 409 417 423 427 431 431 422 416 411 406
554 559 561 563 563 562 561 559 557 556 555 553 553 551 548 545 540 534 530 527 526 525 524 519 514 508 505 501 499 495 492 490 486 482 477 472 471 470 468 467 466 465 462 459 454 451 451 450 449 447 445 443 440 433 428 425 423 420 417 415 413 410 407 403 399 394 389 384 380 376 372 369 367 364 361 359 356 354 355 360 373 385 391 399 411 418 421 422 421 417 414 409 403 399
556 558 558 558 557 556 555 554 553 551 550 548 546 544 543 541 535 530 525 523 521 519 514 510 505 500 499 496 494 492 488 484 479 474 469 465 462 459 456 454 451 449 448 447 445 443 442 442 442 440 437 434 432 427 424 419 416 412 409 410 409 407 405 401 396 392 387 386 384 379 375 373 372 370 367 364 359 356 356 358 364 371 382 392 401 408 416 418 415 413 406 404 399 396
556 556 555 552 551 552 551 550 548 545 541 538 536 534 533 532 532 526 523 520 515 510 506 502 496 494 494 493 492 489 484 479 473 469 465 461 458 452 448 446 442 440 438 436 434 433 431 430 430 430 429 427 426 424 420 416 412 409 406 405 405 404 402 399 396 392 390 389 387 385 383 383 379 374 370 367 365 363 362 363 361 364 371 380 392 404 407 407 408 407 401 399 396 395
552 551 549 546 545 545 544 543 543 541 537 534 532 530 530 528 526 523 519 516 511 505 499 496 493 490 488 485 485 481 476 471 467 463 461 458 455 450 443 437 434 433 432 431 429 426 424 423 424 424 422 420 417 412 408 406 405 404 403 403 405 404 403 403 400 394 390 387 386 384 381 381 378 372 368 364 362 361 362 363 364 366 366 373 383 389 395 398 399 398 396 394 394 393
543 541 541 541 540 537 535 533 533 533 531 529 527 524 522 520 518 515 511 507 501 496 492 490 488 486 484 480 478 472 468 464 462 460 458 455 452 447 441 435 432 430 426 425 419 422 421 420 419 418 415 413 409 406 404 402 401 400 402 404 405 403 403 403 401 397 393 391 388 386 386 385 380 375 372 369 364 361 360 360 361 363 366 368 371 377 381 382 384 386 385 386 386 390
