DEM_file1.asc
ncols        762
nrows        601
xllcorner    20.423750000001
yllcorner    49.694027777774
cellsize     0.000277777778
NODATA_value -32768
[rows 168 to 209 of 601, columns 94 to 187 of 762]
356 357 358 361 362 362 359 359 361 363 362 362 361 359 358 354 355 358 358 359 359 360 362 365 366 364 362 362 361 361 362 363 364 367 370 372 373 373 371 370 371 374 375 377 381 382 386 388 389 390 391 389 388 388 390 390 390 390 389 390 392 394 396 396 394 391 388 388 388 389 390 388 386 387 386 388 389 391 393 397 400 402 403 405 406 407 406 406 407 407 407 407 407 406
361 363 365 363 362 359 360 360 362 364 364 364 364 363 363 362 361 357 358 360 364 366 365 367 368 367 368 368 367 366 365 366 368 368 368 370 371 371 371 369 369 372 375 379 383 387 390 390 393 394 394 396 396 391 393 393 392 393 393 394 394 394 394 394 394 392 390 389 390 391 391 391 390 389 390 390 390 392 395 398 401 403 406 408 409 411 412 412 412 411 410 410 410 410
365 362 363 364 363 362 364 363 362 363 364 364 366 365 363 362 362 362 363 360 364 366 366 365 366 366 366 366 366 366 366 366 365 366 366 368 369 369 367 370 370 374 377 380 384 384 388 389 392 392 395 395 391 392 391 395 394 396 397 398 397 396 397 396 393 392 392 392 390 391 396 397 396 393 393 392 392 393 396 401 406 409 412 412 415 416 418 418 418 419 417 416 415 415
366 364 364 365 366 368 370 367 366 364 364 365 368 369 367 365 364 359 359 363 367 365 365 365 364 364 363 364 365 367 368 367 365 367 368 369 369 364 367 366 366 369 372 375 379 382 384 386 390 391 392 395 395 392 394 397 395 396 396 398 397 396 395 394 394 394 393 397 399 399 400 401 399 397 396 396 396 398 402 406 411 414 416 418 420 422 422 422 423 425 424 422 420 419
370 369 371 369 369 371 374 373 370 369 369 368 367 369 368 364 361 360 360 360 365 364 362 362 362 363 360 364 365 368 370 371 371 372 372 372 371 370 369 368 369 370 372 376 379 382 385 384 388 391 393 394 393 392 393 395 400 395 395 397 398 397 396 396 397 397 398 399 401 403 403 402 401 400 400 400 402 405 408 412 416 417 418 419 421 421 424 426 428 431 431 428 423 423
370 372 375 375 372 371 370 368 372 373 372 371 369 369 371 372 372 371 370 368 368 367 367 368 367 368 369 372 372 372 373 377 379 378 379 372 371 371 373 375 377 377 378 379 381 383 385 389 389 392 394 395 395 393 394 396 399 398 399 402 403 403 401 400 400 400 401 401 402 403 403 402 401 401 402 402 406 409 413 418 422 425 427 428 429 431 434 438 441 441 439 437 434 432
375 378 379 380 377 375 372 372 375 379 379 378 377 376 376 380 378 377 377 374 374 375 375 373 374 377 377 374 377 376 376 380 384 383 379 375 372 372 374 377 379 380 381 382 385 387 390 392 395 393 394 392 393 395 396 399 401 404 403 405 405 405 404 404 405 406 406 405 405 405 405 405 406 407 406 405 407 411 413 417 424 431 436 437 439 441 443 446 450 450 448 447 445 443
379 382 382 382 382 381 380 379 379 378 379 377 375 376 378 380 380 384 382 379 378 376 376 375 378 380 376 376 377 376 379 381 383 382 380 376 373 371 374 378 381 383 385 385 388 391 394 396 401 397 391 389 391 395 398 400 402 405 408 411 408 408 408 407 407 408 408 410 411 411 411 412 412 412 410 409 408 410 415 422 429 435 438 440 443 447 448 451 453 453 454 452 451 448
382 385 386 385 385 386 385 381 379 381 378 376 376 376 378 381 383 384 383 382 379 382 382 382 382 383 382 381 376 376 377 377 380 378 378 377 374 373 375 379 382 385 388 390 394 398 401 401 401 403 398 392 394 396 398 400 402 405 406 407 410 410 409 408 408 409 410 412 412 411 409 410 412 413 413 413 414 417 421 429 433 437 438 441 444 447 449 451 453 454 455 455 454 453
386 389 390 390 391 391 390 387 384 383 379 378 378 380 381 384 387 388 387 389 387 388 391 392 390 388 391 383 384 385 384 383 381 381 380 379 378 376 376 381 386 390 395 396 401 402 404 403 402 401 401 397 400 401 402 403 406 408 409 410 413 415 413 412 411 411 412 414 414 412 414 415 414 413 414 415 416 419 425 430 432 435 436 440 442 444 448 450 451 453 454 454 454 454
391 389 391 392 393 391 390 389 384 380 378 380 381 383 385 388 389 390 390 390 391 393 393 393 392 392 391 388 390 391 392 391 389 386 383 382 381 381 381 385 389 392 397 402 404 406 407 406 405 405 404 406 406 407 407 409 411 411 412 413 414 415 416 416 416 416 417 416 415 414 415 417 418 417 416 418 419 423 426 429 431 435 437 441 443 445 448 450 452 454 455 457 458 459
398 396 394 393 393 391 390 389 387 389 388 385 388 386 387 390 392 393 393 393 391 391 390 390 393 391 391 392 394 395 395 393 390 388 386 385 386 387 385 390 390 390 394 398 401 402 405 404 403 406 406 410 412 410 411 414 415 414 413 414 416 418 421 422 422 423 422 420 418 416 415 416 416 417 419 421 422 424 427 427 430 434 439 443 446 448 450 452 453 456 459 462 465 466
399 398 398 396 394 392 392 391 390 392 393 392 389 394 393 394 395 395 396 396 395 393 394 391 391 392 396 397 398 398 397 395 394 393 390 388 387 389 390 391 392 392 393 395 398 400 400 400 402 404 405 408 406 409 411 413 415 416 417 420 422 423 423 426 424 424 423 421 420 420 419 419 421 423 424 425 422 426 424 424 427 430 435 439 444 448 453 456 456 458 462 465 469 472
405 406 404 402 399 396 396 395 395 397 397 395 392 399 395 396 399 399 401 401 400 399 399 398 399 401 405 407 405 403 402 401 400 398 393 390 388 388 390 393 395 396 398 399 402 402 399 399 401 406 405 406 407 409 414 415 419 421 423 423 423 424 424 429 426 426 426 425 425 426 428 428 427 427 427 425 426 428 430 427 427 427 428 431 436 442 450 455 457 460 463 467 471 474
409 409 409 406 402 400 397 397 397 398 398 396 396 396 399 399 401 402 403 404 405 405 404 404 405 406 408 408 409 405 403 402 401 397 393 391 390 392 391 393 395 400 402 404 405 405 405 406 408 406 407 409 410 412 414 420 422 425 427 425 425 426 428 431 433 436 437 438 436 434 433 430 428 427 428 431 432 433 434 436 435 434 434 435 436 440 446 451 455 460 464 466 469 470
415 416 415 411 406 403 404 400 398 396 394 396 397 397 397 403 403 408 408 409 410 411 410 410 409 409 409 409 408 409 406 405 403 400 395 394 394 394 396 397 399 403 408 408 409 410 412 412 413 414 414 415 416 417 420 424 429 431 430 431 432 433 437 439 443 446 444 443 441 439 436 434 431 430 432 434 436 439 443 445 445 445 445 445 446 447 448 448 451 455 459 463 468 472
418 419 419 417 413 409 409 406 401 398 396 398 400 402 406 408 408 413 414 415 413 413 412 412 412 412 413 415 413 413 415 414 412 407 405 404 403 402 404 404 404 408 410 411 412 415 417 418 419 420 420 422 424 427 430 433 435 437 439 440 443 444 441 442 443 445 445 445 444 441 437 436 435 436 437 440 443 445 447 450 451 452 452 452 454 454 453 450 447 450 454 460 466 473
418 418 417 418 418 415 414 407 407 401 399 400 404 408 416 416 412 410 412 417 416 417 418 419 420 419 417 416 416 418 419 421 419 414 411 408 408 409 410 410 409 411 415 414 417 420 420 421 422 425 427 428 431 434 437 440 442 442 443 444 445 445 444 444 445 447 449 449 447 443 439 437 437 438 440 444 448 451 452 454 456 457 458 458 458 458 457 456 456 457 459 462 467 473
420 418 420 421 419 418 417 413 406 409 410 408 418 421 428 430 428 425 421 419 419 419 421 423 426 426 425 424 424 419 420 427 424 422 420 419 418 415 412 409 411 415 419 419 420 420 421 423 427 431 434 435 435 437 441 444 446 446 447 446 445 445 443 443 443 443 445 447 445 441 438 438 440 443 445 450 452 452 454 458 460 462 465 465 464 465 467 470 471 471 471 471 471 474
424 424 427 423 425 424 423 418 418 420 421 424 427 433 436 439 440 438 436 432 428 426 426 426 427 430 431 435 432 434 436 439 435 432 430 428 422 418 414 413 416 421 424 425 426 427 427 429 433 436 438 440 442 444 449 452 453 453 452 449 448 446 446 447 446 446 446 446 445 442 440 440 443 446 449 453 456 458 461 463 466 468 470 470 469 472 474 478 481 483 483 484 484 483
432 430 430 429 429 430 431 431 428 427 429 433 439 442 443 443 443 443 441 438 436 435 437 439 443 445 447 452 453 455 456 452 452 447 442 438 432 425 422 421 422 426 432 435 437 437 438 439 441 443 446 448 450 451 453 455 456 457 456 452 450 450 452 453 453 451 451 452 450 447 445 445 447 449 453 457 460 463 466 468 469 473 475 477 480 483 482 483 484 485 486 486 488 489
444 443 440 439 438 439 440 439 437 435 439 445 450 452 453 452 452 453 451 449 450 453 456 459 461 465 463 463 464 463 462 461 459 454 449 445 438 431 427 426 433 435 439 444 448 450 452 452 453 453 454 456 457 458 460 462 461 462 462 458 457 457 457 457 457 456 456 455 453 451 450 450 452 456 460 464 468 470 472 473 477 481 484 486 488 488 486 485 484 485 487 490 495 497
448 447 448 446 446 447 448 446 444 444 446 451 456 459 458 460 462 463 464 464 466 467 468 469 473 473 473 474 472 469 468 466 461 456 453 452 439 434 431 435 442 445 449 456 462 464 464 464 462 462 461 461 463 465 468 470 471 473 472 469 466 465 464 463 463 463 462 462 459 456 454 453 455 461 467 472 476 478 479 479 484 488 491 493 493 491 490 489 489 490 492 494 499 502
452 451 452 451 451 451 450 448 447 448 450 453 458 461 462 464 466 470 470 469 472 473 475 478 480 478 476 474 473 471 471 467 463 458 453 447 443 444 443 448 453 461 464 470 476 478 476 475 472 470 468 467 469 471 474 477 479 481 483 479 475 475 474 472 470 468 466 465 462 458 455 457 463 469 477 481 482 484 483 483 486 489 493 496 499 501 502 503 506 504 503 504 506 506
460 456 457 457 456 455 455 454 453 453 452 454 457 460 462 466 471 475 477 477 478 479 483 485 483 482 480 479 478 475 473 469 464 458 454 445 442 442 446 454 460 470 480 485 489 489 488 487 483 480 479 478 479 479 480 483 486 487 487 482 481 480 480 480 477 475 470 465 460 458 457 459 464 473 481 484 485 487 489 490 491 494 498 503 507 508 510 512 513 513 512 510 510 509
477 475 475 473 470 467 464 464 463 462 460 459 463 467 468 471 476 481 485 486 488 489 489 488 485 484 480 480 479 476 472 466 462 457 451 447 445 446 451 459 465 473 481 487 494 495 495 494 493 491 491 491 491 492 492 492 493 493 493 490 487 486 485 484 481 476 471 466 462 459 457 460 467 476 481 484 487 490 494 499 503 506 510 513 514 515 516 518 519 519 517 516 515 512
486 488 489 488 486 482 478 477 476 475 473 471 474 476 477 480 482 486 492 497 498 497 495 492 491 488 486 478 476 473 470 466 462 459 457 452 451 454 457 464 470 476 482 489 494 500 502 504 505 504 504 505 504 504 504 504 504 504 505 504 500 492 488 487 485 480 476 470 464 461 463 464 470 478 482 487 491 496 502 507 512 514 517 519 519 519 521 523 524 523 520 519 518 515
497 497 495 494 492 487 484 482 483 483 482 482 482 484 486 488 490 492 496 500 501 501 501 498 496 492 490 488 481 477 474 470 463 460 462 457 456 458 461 468 472 476 483 491 500 512 514 515 517 517 517 519 520 521 520 519 520 518 518 518 513 504 495 491 489 487 483 477 470 465 466 470 476 483 487 493 498 505 511 516 520 521 522 524 524 523 524 527 530 530 530 526 523 521
497 496 493 492 490 489 487 486 487 488 489 490 490 491 492 494 493 495 498 501 503 505 504 501 497 497 495 492 486 481 475 468 462 463 460 461 462 463 469 474 480 487 494 501 511 522 524 525 526 530 532 533 533 533 533 532 529 528 526 523 517 510 502 497 494 491 487 481 476 473 474 478 484 490 495 500 503 508 514 519 522 526 528 531 532 534 536 534 533 533 532 529 525 519
500 495 492 490 491 493 496 498 499 499 498 499 500 500 502 506 503 506 508 511 514 514 512 508 503 500 495 492 489 485 479 471 465 462 461 464 466 468 472 481 487 494 500 506 518 523 527 530 536 540 543 546 546 547 547 544 535 530 528 524 518 516 511 504 499 494 491 488 485 484 484 488 494 499 503 507 510 513 517 522 527 532 535 535 537 540 539 536 533 532 531 525 519 514
502 498 495 496 499 501 505 509 512 510 508 508 509 508 510 513 516 519 519 519 521 523 523 517 511 505 500 495 491 488 483 476 470 462 464 464 466 468 477 486 493 499 504 510 520 527 533 536 540 543 548 552 550 551 551 550 545 540 535 531 527 523 517 509 506 501 498 495 492 492 493 496 498 502 507 513 518 522 529 533 537 539 542 541 542 542 541 539 537 534 530 523 516 510
505 505 505 507 510 514 517 518 518 517 516 516 515 515 518 521 526 529 528 526 529 531 531 527 520 513 505 498 492 488 483 477 472 468 464 468 473 475 483 493 495 501 508 516 521 530 535 539 545 548 551 554 557 556 556 555 551 544 536 537 529 525 519 517 514 508 502 499 494 494 497 501 505 508 510 516 522 529 537 540 541 542 544 546 544 542 542 541 540 538 533 524 514 507
508 510 512 515 518 520 521 522 522 525 527 529 527 526 524 525 530 535 536 538 539 538 536 530 521 514 508 504 499 493 485 482 478 470 471 472 475 483 495 498 502 510 512 519 525 532 536 543 548 552 555 557 560 562 558 556 553 548 545 539 536 531 524 520 515 507 501 496 495 492 499 502 506 510 516 522 529 535 540 541 544 545 546 548 548 548 548 547 545 541 534 527 516 511
515 517 520 523 526 528 529 531 533 535 539 542 541 540 539 538 539 543 545 547 547 544 537 528 520 513 509 506 499 492 487 484 480 478 473 474 482 488 495 501 508 517 522 531 535 537 539 546 552 556 559 563 567 563 560 558 557 555 553 548 541 533 526 519 513 506 504 502 502 504 506 507 512 517 523 528 536 541 545 547 548 549 552 553 554 556 554 552 547 538 530 525 520 519
522 526 529 532 534 537 540 544 545 547 549 552 553 551 551 550 552 554 558 560 559 549 541 532 524 518 512 506 501 496 490 485 481 480 474 476 486 496 503 509 517 525 535 538 542 544 547 552 557 560 563 566 568 566 563 562 561 558 555 552 546 535 524 516 509 505 504 502 504 509 513 517 522 526 531 536 540 543 547 550 552 554 557 557 557 557 556 550 542 535 530 527 526 525
526 530 535 539 545 550 553 555 556 558 559 562 566 565 565 566 565 567 567 566 560 555 546 537 530 523 515 508 501 496 488 484 477 474 475 480 490 504 511 518 524 531 537 542 545 548 552 556 562 567 570 573 574 575 572 569 565 561 558 554 547 540 531 522 514 508 505 505 508 514 521 525 529 531 537 541 544 546 549 552 554 556 558 558 557 556 556 549 543 538 533 530 531 530
539 543 548 554 559 564 568 572 572 573 574 575 576 577 579 578 575 574 572 569 565 562 555 548 539 530 522 515 508 500 491 481 475 475 477 481 489 503 512 520 523 534 540 541 545 549 554 560 563 568 573 575 574 575 574 573 570 567 564 559 552 545 538 529 522 514 509 508 513 520 527 531 534 538 543 546 549 551 553 555 557 559 558 555 553 554 554 553 547 540 536 533 532 531
551 555 562 566 572 577 581 584 588 587 588 588 586 585 587 585 583 580 577 573 568 563 557 553 547 541 536 524 518 507 495 487 482 480 482 485 491 499 510 517 525 531 536 545 551 555 561 565 568 572 575 576 574 574 574 574 571 570 567 561 555 549 540 531 524 518 513 510 515 523 529 535 539 544 548 552 556 559 562 565 565 565 562 556 552 550 550 550 548 545 540 537 535 535
561 568 572 576 581 586 590 593 597 602 603 602 599 598 595 590 587 583 580 574 570 565 556 549 543 538 538 526 521 512 501 496 493 493 492 494 499 505 510 519 524 532 537 543 548 558 560 569 572 577 576 579 580 582 580 578 576 576 573 566 560 553 544 534 527 521 517 517 521 528 532 536 541 546 549 553 558 562 566 568 569 569 567 562 557 553 551 551 551 546 541 538 535 534
571 572 576 580 586 592 596 600 604 609 611 610 609 605 599 592 586 582 579 575 569 561 552 545 538 533 527 522 518 515 508 504 500 497 495 496 498 502 507 513 523 528 534 541 545 549 555 561 565 570 576 582 586 586 584 583 581 578 575 570 562 555 548 541 537 535 531 531 532 535 540 543 546 550 555 559 562 565 568 573 576 576 573 570 567 563 559 556 554 548 547 545 543 543
577 580 583 590 597 601 607 610 615 617 617 612 608 606 599 596 592 586 582 577 565 554 547 543 538 533 530 527 528 524 514 507 502 498 495 496 497 500 505 509 514 521 530 534 540 542 545 549 555 563 573 580 581 581 582 583 584 583 578 569 561 556 550 547 544 541 542 542 540 541 543 546 548 553 559 565 570 574 577 580 581 581 579 576 573 568 563 559 555 551 549 548 548 547
591 592 598 606 610 615 616 618 621 619 616 611 607 609 606 604 595 591 586 580 564 556 547 541 539 536 533 534 529 524 518 514 507 501 497 497 498 501 505 508 510 515 523 533 537 543 545 551 555 562 571 575 576 577 578 581 585 584 579 571 563 556 552 552 552 551 550 548 547 546 548 550 553 557 562 567 573 578 582 581 577 576 576 576 575 573 569 566 562 559 556 552 552 550
