DEM_file1.asc
ncols        762
nrows        601
xllcorner    20.423750000001
yllcorner    49.694027777774
cellsize     0.000277777778
NODATA_value -32768
[rows 546 to 587 of 601, columns 376 to 469 of 762]
572 571 570 570 570 568 565 562 559 556 555 553 554 555 554 552 550 549 545 541 537 531 527 524 522 521 519 519 517 516 516 517 518 517 517 519 519 518 518 519 521 524 527 530 532 534 536 537 538 537 541 545 549 554 561 572 582 592 602 609 611 611 609 610 610 604 599 594 589 586 584 580 576 573 579 573 563 559 567 579 585 592 600 607 611 618 618 616 614 611 608 606 606 608
570 568 568 567 566 562 559 558 557 554 553 552 554 555 554 551 547 545 544 543 539 536 530 525 521 518 515 514 513 513 514 513 512 510 510 513 513 513 515 518 521 523 526 529 532 533 534 534 534 533 538 541 547 554 564 575 585 596 604 609 614 617 612 611 605 600 595 590 588 585 580 574 570 568 567 569 564 566 571 579 584 588 595 603 608 614 615 612 608 602 598 596 597 600
568 568 569 567 563 558 556 556 555 555 554 553 551 550 549 547 546 546 544 543 539 534 529 523 518 514 512 510 510 510 510 508 507 506 506 507 509 510 513 516 520 523 524 524 526 526 526 526 527 532 535 538 542 548 560 574 584 596 605 614 616 615 612 609 604 599 595 587 581 579 575 575 572 566 566 568 570 572 574 575 574 581 589 597 599 601 606 603 600 593 591 591 593 597
564 563 564 561 558 558 557 555 553 552 552 551 549 545 543 541 542 542 540 538 537 534 527 521 515 510 508 508 507 507 506 504 504 503 501 501 504 508 509 511 514 515 516 514 515 517 518 520 523 528 530 533 538 547 561 573 585 593 600 608 608 609 609 609 607 603 596 594 586 582 580 578 577 574 568 568 569 572 572 564 564 568 576 582 589 592 596 597 596 593 592 592 595 602
561 560 559 559 557 555 557 556 552 550 548 547 545 543 541 538 534 530 530 531 533 531 524 518 511 506 504 504 503 502 500 499 500 498 497 495 496 499 501 504 507 509 509 508 511 513 514 517 522 526 530 534 541 552 565 576 584 596 602 606 606 608 611 613 611 608 604 595 594 587 587 588 581 577 573 570 570 569 563 562 562 566 581 584 582 589 592 593 591 589 592 593 597 602
559 557 555 554 554 552 550 550 549 547 544 543 542 541 539 535 531 529 526 525 527 527 522 515 507 502 501 500 500 500 500 499 497 492 488 492 495 498 500 501 502 503 504 506 508 509 511 514 520 525 532 539 546 554 563 571 579 590 600 608 612 614 614 613 613 610 605 601 594 592 592 591 589 588 587 585 580 576 570 566 564 569 574 575 582 587 590 590 589 591 593 596 600 607
560 558 557 555 553 550 548 545 543 541 539 539 538 536 535 532 528 527 525 523 522 520 518 515 511 508 506 503 500 499 498 496 492 488 487 495 496 495 499 500 498 500 502 503 504 504 507 510 519 529 535 539 546 553 560 570 581 593 602 610 616 619 621 609 605 602 599 597 596 595 595 595 596 595 593 589 584 581 578 575 573 574 576 576 576 576 578 581 583 583 586 588 592 599
561 561 559 558 555 553 548 544 542 541 538 538 537 536 534 531 528 525 522 519 518 517 517 517 513 510 509 509 506 503 501 498 494 492 490 490 493 493 495 496 493 496 498 501 503 505 508 512 518 526 533 538 544 550 559 568 580 590 602 610 617 618 618 616 609 605 601 600 598 595 593 594 595 595 594 590 586 583 578 571 567 565 564 562 562 559 559 563 567 571 577 581 585 590
568 565 562 560 558 557 552 547 544 541 539 538 538 536 535 534 533 530 525 521 520 519 518 516 514 512 510 507 504 503 501 500 499 496 493 490 487 492 484 486 488 491 494 498 502 506 509 513 515 521 526 534 542 549 558 566 580 593 605 612 616 618 619 616 613 609 604 600 597 594 594 594 595 596 597 593 591 588 581 573 567 561 558 553 550 547 550 553 555 557 561 570 578 585
572 569 565 561 559 557 555 551 546 543 541 541 539 536 536 535 534 532 528 526 524 522 520 517 512 508 506 505 503 500 498 498 495 492 491 491 492 489 487 487 487 492 493 497 501 503 508 511 514 517 526 533 540 547 557 576 581 594 608 617 622 622 622 620 615 609 604 599 598 596 592 593 594 596 596 594 587 582 579 574 568 564 559 553 547 545 546 550 551 550 552 559 567 574
579 573 569 566 563 559 555 551 547 543 541 541 539 537 536 533 532 531 530 527 525 522 520 517 512 508 507 505 503 499 497 495 493 491 490 491 491 490 490 488 486 487 490 494 497 499 504 506 510 513 519 531 539 546 558 577 587 597 607 612 619 617 614 611 609 605 602 599 597 594 592 592 594 595 595 594 590 585 581 576 570 565 560 554 551 548 545 547 548 548 550 554 560 567
594 588 581 575 568 563 559 556 551 546 542 538 537 535 534 532 532 530 528 527 523 521 519 516 512 510 509 508 506 502 498 494 492 490 488 488 488 486 485 485 485 485 485 487 490 496 499 502 506 513 522 531 540 552 570 579 587 596 603 607 607 607 605 605 605 603 599 596 593 594 594 595 596 597 598 598 597 593 586 583 572 567 566 562 558 553 546 546 545 544 543 546 550 555
616 608 597 588 577 567 560 556 551 546 542 538 535 534 533 532 530 527 525 523 522 520 519 518 515 512 511 510 507 504 500 497 495 492 489 486 486 484 484 484 484 484 482 480 482 489 495 500 506 512 520 531 545 563 574 583 589 595 599 598 597 598 599 600 599 595 593 589 586 585 588 591 594 598 600 601 600 596 588 581 575 571 567 562 556 549 546 541 536 533 533 536 539 542
630 624 610 599 586 573 563 556 552 549 545 543 539 537 536 535 532 529 528 526 523 520 518 516 513 511 511 511 509 506 502 501 497 493 489 486 485 485 485 485 485 484 483 482 482 486 492 499 508 517 524 532 551 567 576 583 590 596 599 595 590 587 588 590 589 585 582 579 577 577 579 583 587 592 598 599 598 592 586 581 577 574 571 567 561 555 550 544 536 532 532 532 536 541
635 626 617 604 588 574 563 558 555 552 549 545 542 539 537 535 533 531 529 526 524 521 517 514 513 511 511 510 508 505 502 501 498 494 489 487 487 488 486 483 482 481 480 480 481 482 487 495 506 517 528 535 552 566 576 586 592 596 596 593 590 590 585 582 579 577 574 571 570 571 574 577 578 581 586 590 590 589 587 584 578 572 571 567 561 559 553 545 537 532 534 530 534 537
640 634 625 614 596 583 568 562 560 558 555 550 546 541 537 536 533 532 531 528 526 523 520 517 515 513 512 510 508 505 501 497 495 494 491 488 486 486 485 483 482 479 477 476 477 477 480 490 502 517 526 534 546 557 568 575 580 585 585 583 581 577 575 573 575 574 573 571 570 571 573 573 570 570 571 577 581 583 585 585 580 571 564 566 561 558 553 547 544 532 528 529 531 534
643 638 633 627 616 596 577 568 562 559 555 551 547 542 539 537 535 531 530 527 524 523 521 520 519 515 511 509 509 507 503 498 495 494 492 489 485 484 484 486 485 481 478 476 473 472 475 480 494 509 520 531 542 550 560 564 569 573 575 574 571 571 571 569 567 569 573 570 572 572 573 570 567 562 561 565 575 578 579 580 579 576 569 564 560 557 558 554 543 534 529 527 524 524
647 643 638 632 621 607 594 580 569 562 559 555 551 546 542 537 535 532 530 525 523 522 520 521 517 515 513 511 509 507 507 501 497 494 494 491 488 487 487 487 486 483 478 475 469 468 468 470 484 495 514 522 532 545 551 555 561 562 563 565 561 558 557 560 563 564 565 565 565 565 564 559 555 551 551 553 556 565 570 573 575 575 574 571 570 566 559 550 543 537 532 525 518 518
650 645 642 637 627 616 605 594 581 569 562 558 554 550 544 538 534 532 530 526 524 524 525 522 521 520 518 516 513 510 506 501 499 499 501 495 492 489 487 485 483 483 477 473 469 467 465 465 466 473 488 512 520 526 536 542 549 554 555 555 549 545 546 549 552 553 559 561 562 559 553 548 543 540 540 546 546 550 555 563 571 573 575 575 575 574 569 559 547 540 536 528 519 516
648 645 643 639 636 628 617 607 595 585 573 563 556 551 547 542 538 534 532 530 529 529 530 524 524 522 520 519 516 513 509 505 503 502 499 495 492 490 495 492 490 486 477 474 474 467 464 462 463 465 471 484 498 508 514 520 527 533 541 543 542 541 538 538 537 535 536 540 545 543 540 536 531 529 528 525 529 538 543 553 559 565 571 573 578 577 571 563 555 548 541 532 523 519
645 644 642 640 637 629 622 615 608 601 589 576 562 552 547 545 543 541 538 536 535 531 529 528 526 523 521 518 515 513 510 508 505 502 500 495 493 491 493 488 486 483 482 478 476 475 467 462 461 462 465 472 482 490 495 501 509 517 526 531 531 531 529 526 524 522 518 519 520 519 519 522 520 520 515 516 521 527 533 541 544 550 556 562 562 562 566 562 557 551 543 534 528 517
644 642 640 639 638 632 626 620 615 608 599 587 574 562 555 551 548 546 545 544 538 534 531 529 527 524 521 518 516 514 511 509 506 505 505 498 495 494 493 491 490 487 485 483 482 481 475 468 464 461 461 463 466 471 479 486 494 501 509 518 521 520 519 519 519 516 515 513 511 511 513 516 516 509 509 508 511 515 520 530 537 541 546 550 553 555 556 556 558 555 544 534 523 511
636 634 632 631 634 628 627 623 620 615 608 596 586 576 566 556 550 550 551 548 545 538 532 528 529 523 521 519 517 515 511 510 510 506 503 500 497 496 494 492 491 490 489 490 489 491 484 479 473 468 463 461 457 457 466 477 485 491 499 507 511 515 515 513 512 509 508 506 508 509 509 512 513 504 502 502 504 507 513 520 529 535 542 548 553 555 555 556 553 546 538 529 526 516
625 624 624 625 625 625 627 624 619 614 611 606 599 589 577 569 565 560 555 552 552 545 539 533 526 521 520 519 517 516 514 510 508 507 506 504 500 496 494 494 493 492 491 491 491 493 491 489 485 476 472 466 457 453 455 466 476 483 486 491 498 504 508 509 506 503 501 499 500 501 503 506 510 504 500 496 496 501 510 514 517 524 533 542 546 548 547 547 545 538 530 525 521 515
621 619 618 618 618 616 614 616 612 608 609 606 601 595 587 580 570 568 563 559 557 555 551 545 534 526 524 523 521 517 514 513 512 511 508 504 503 501 498 497 494 491 490 489 488 490 495 493 493 490 488 475 465 457 456 460 469 476 479 481 485 489 495 500 498 497 497 497 499 501 502 504 505 505 499 496 494 496 501 504 508 512 517 524 528 532 535 536 534 529 532 526 520 515
619 615 613 610 609 610 608 606 606 604 603 601 602 591 591 578 570 566 562 560 559 559 557 552 546 540 535 531 526 520 516 514 513 512 509 506 504 501 500 497 493 490 491 491 491 492 495 494 493 492 489 483 473 462 458 458 462 468 473 476 478 482 485 488 489 489 492 494 496 499 495 499 497 498 497 496 493 492 498 499 498 502 507 513 517 521 524 524 524 522 525 522 515 512
621 616 613 610 605 604 604 606 602 597 593 589 587 585 582 578 573 569 565 563 560 558 556 553 548 543 538 535 530 525 521 520 518 515 510 505 500 497 495 494 493 492 492 490 489 488 490 485 487 489 488 483 474 467 465 460 456 455 459 464 470 477 483 485 486 488 492 492 495 490 491 492 491 493 491 490 490 487 486 490 490 496 498 503 510 515 516 515 517 518 521 515 510 508
629 622 619 616 613 609 608 609 603 597 590 588 582 583 582 578 573 569 565 562 560 556 553 550 546 542 539 534 530 526 523 522 521 519 514 507 499 495 491 489 490 490 491 489 485 485 480 477 478 481 482 481 479 476 472 463 456 451 453 459 465 473 479 488 489 490 493 496 499 496 491 485 486 488 484 481 480 479 480 482 482 486 490 495 502 507 509 517 513 524 520 515 505 503
634 630 627 626 624 619 619 615 612 605 597 591 587 585 582 578 573 571 568 564 559 554 550 548 543 542 541 539 537 535 531 527 525 527 526 517 502 496 492 490 489 489 490 489 486 479 476 473 470 474 475 473 473 472 467 460 457 455 456 460 465 470 476 487 490 493 496 498 498 494 482 477 479 483 477 473 472 472 473 475 474 475 483 492 500 505 509 515 519 524 522 518 506 501
639 634 634 630 629 627 624 618 615 610 605 600 595 592 587 581 576 573 570 566 560 556 553 549 545 543 542 543 541 538 535 529 524 522 527 517 509 502 497 492 487 487 486 485 484 481 474 471 468 469 468 467 468 462 459 457 456 458 459 461 463 468 474 482 488 492 494 495 493 486 474 474 467 470 470 469 467 468 465 462 466 470 475 486 497 505 509 514 519 517 518 518 514 504
644 636 632 632 631 629 627 625 620 613 605 598 595 593 590 587 586 584 583 580 573 567 562 554 548 545 544 544 543 541 537 531 527 523 521 516 510 503 496 489 484 481 480 480 480 478 475 472 470 468 466 464 464 462 454 450 448 449 450 452 456 463 470 473 481 481 482 483 484 478 472 468 461 462 464 466 464 457 455 456 458 460 461 471 484 502 507 512 517 519 520 515 510 504
640 636 633 634 635 634 632 621 617 612 611 603 598 593 589 586 586 587 588 586 580 573 566 559 551 546 543 540 538 535 530 526 525 525 525 519 511 502 496 488 483 478 476 476 475 473 471 470 470 469 467 465 463 461 454 447 444 443 448 449 452 458 459 464 468 470 471 472 470 463 459 456 455 456 461 462 460 456 455 455 456 456 455 455 465 481 491 505 510 513 518 518 511 507
623 624 626 627 626 622 619 616 611 607 603 599 594 589 585 581 581 583 584 582 578 572 564 556 550 544 538 531 529 525 520 517 516 518 518 514 508 502 496 490 485 483 480 477 473 468 467 467 465 463 462 461 459 452 450 448 441 440 439 443 446 451 458 460 462 464 465 463 460 456 452 450 451 457 454 453 455 454 458 454 454 454 452 450 453 465 474 488 499 504 508 511 507 507
604 605 606 606 601 597 596 596 596 594 590 585 581 577 573 568 565 563 563 563 566 565 559 554 549 540 531 523 523 521 519 516 514 513 510 507 504 501 498 496 492 486 479 473 469 467 467 466 464 460 458 458 459 452 448 446 441 437 436 438 441 444 452 454 453 452 455 456 456 454 449 452 451 451 451 451 451 455 457 453 452 452 451 454 453 455 462 469 478 489 500 505 507 510
590 587 586 585 582 578 576 577 578 577 572 569 567 563 556 547 544 542 543 545 547 546 542 539 534 529 526 522 521 517 515 513 512 510 509 507 504 501 500 497 495 491 483 476 472 469 466 463 462 460 458 459 459 451 453 445 440 437 438 443 443 441 439 441 442 440 445 444 443 445 444 444 442 444 447 448 449 448 452 456 456 453 452 451 449 449 451 460 471 480 493 504 510 512
573 568 561 560 560 559 557 554 552 552 553 554 552 547 540 534 532 532 533 534 535 533 529 527 527 525 522 520 518 516 513 511 510 509 507 503 500 497 496 496 494 490 484 477 470 467 465 463 461 460 458 457 456 450 447 444 438 444 441 440 439 437 433 431 431 432 430 435 440 441 440 439 438 438 441 444 445 445 449 451 449 447 446 447 447 448 448 455 466 480 494 506 511 512
553 549 544 542 541 539 538 537 535 534 535 536 536 534 531 527 526 526 527 526 525 523 520 518 519 518 515 513 511 510 507 505 503 502 501 500 495 491 490 489 489 487 482 476 471 466 464 463 461 459 456 455 455 455 449 448 445 447 442 439 438 436 435 432 430 430 434 436 434 433 432 433 432 432 435 438 442 444 445 445 444 443 444 445 447 448 453 458 464 476 491 501 507 510
531 531 529 526 526 527 527 526 527 525 522 521 520 521 522 521 521 519 517 515 513 511 508 505 504 505 504 504 503 501 500 498 497 495 493 492 488 486 483 481 480 479 477 474 472 468 463 460 458 456 454 453 452 453 453 450 449 445 442 439 438 437 437 435 434 431 435 436 434 430 423 425 426 427 431 433 437 440 440 440 440 441 445 447 448 451 455 459 461 467 479 489 498 504
517 517 516 516 515 514 514 512 511 511 511 510 511 512 514 514 512 511 508 506 505 503 501 499 500 500 499 498 496 495 494 493 492 490 487 485 485 484 481 478 475 474 473 472 471 465 460 457 457 456 454 453 454 454 452 450 450 447 442 438 435 434 433 434 433 433 431 428 433 430 429 421 420 421 424 427 432 434 435 436 435 439 442 444 447 450 453 456 459 464 470 479 486 494
510 510 509 506 503 503 503 504 505 505 504 505 506 505 505 505 505 504 501 499 499 499 497 494 495 495 493 491 489 489 489 487 485 484 482 484 485 484 482 478 473 471 470 469 468 464 462 459 456 455 455 455 457 456 451 450 447 445 441 436 431 430 430 431 432 434 435 434 431 428 430 425 423 422 417 422 426 431 433 434 434 438 442 443 443 444 446 448 451 457 466 474 482 490
504 504 503 501 498 497 496 496 498 500 500 500 500 499 498 496 497 496 494 492 492 492 490 490 491 491 490 489 489 490 486 482 479 475 473 475 481 483 479 475 471 467 467 466 465 462 459 458 456 455 456 457 459 460 458 452 449 447 445 440 436 431 429 427 429 434 435 435 432 426 424 425 426 424 420 422 424 429 429 430 430 433 436 443 443 441 440 441 446 452 462 470 477 482
499 498 497 495 494 494 494 493 493 492 492 493 492 491 491 491 492 489 487 486 486 485 484 485 484 482 482 483 485 484 483 478 474 471 470 470 473 476 474 468 464 462 461 461 461 458 455 454 453 452 453 455 457 459 457 451 449 446 443 441 440 438 432 427 426 429 429 429 427 425 423 424 424 422 419 420 424 428 426 431 432 434 438 444 444 440 438 439 441 445 453 461 468 474
