DEM_file1.asc
ncols        762
nrows        601
xllcorner    20.423750000001
yllcorner    49.694027777774
cellsize     0.000277777778
NODATA_value -32768
[rows 378 to 419 of 601, columns 376 to 469 of 762]
338 344 352 356 357 355 353 351 350 346 342 340 338 337 337 330 327 322 319 318 321 318 308 299 294 287 286 285 285 289 291 299 295 292 286 291 292 292 291 291 288 287 289 291 294 291 289 289 289 290 291 292 291 290 293 298 304 309 314 319 323 329 335 340 345 351 355 358 362 365 367 367 367 368 371 375 379 380 379 377 379 379 380 381 383 383 384 384 383 382 383 383 381 381
342 348 352 355 356 356 352 351 353 352 349 347 341 339 338 331 327 325 322 320 321 319 312 302 297 282 282 282 287 283 282 292 295 291 285 289 293 293 293 296 295 294 294 290 290 289 288 288 287 287 287 287 284 284 286 292 300 307 316 322 327 334 340 344 346 349 352 355 360 363 363 361 360 362 366 367 370 373 372 375 375 376 375 374 373 373 375 376 377 378 379 378 377 376
340 344 348 352 355 355 355 354 354 353 351 347 344 341 338 335 331 327 324 321 318 318 313 305 301 291 288 287 282 282 281 287 288 289 291 296 296 296 296 299 299 297 293 289 288 289 289 288 286 286 285 284 282 283 284 287 295 305 315 323 330 335 338 338 336 338 342 348 353 356 357 355 353 352 353 355 358 362 363 365 370 369 368 366 367 368 369 369 369 371 372 373 373 373
338 342 348 352 355 356 358 358 358 356 352 348 343 338 336 335 332 329 326 323 319 316 316 310 306 301 298 291 286 284 284 286 287 289 292 296 300 298 298 304 304 293 287 288 286 285 285 286 285 286 287 283 282 283 283 285 290 297 306 311 317 323 331 330 328 330 334 340 345 347 347 346 346 346 345 345 347 352 357 360 361 360 360 359 360 360 361 363 361 361 363 367 370 370
345 349 353 358 360 361 362 363 361 357 351 347 347 347 344 339 336 332 329 325 322 319 318 314 310 308 306 302 292 289 289 289 288 288 291 294 296 294 295 297 297 286 283 283 283 282 285 286 286 286 285 281 280 279 280 282 286 291 297 304 312 317 321 323 323 325 326 331 335 337 338 340 339 340 344 344 345 348 350 353 355 355 353 354 353 354 355 356 356 356 356 360 363 365
352 356 359 363 363 363 362 362 360 353 353 350 349 347 346 341 337 333 328 325 324 320 314 313 316 313 308 299 297 295 294 292 292 292 293 293 293 293 292 289 287 283 280 280 281 281 284 285 287 286 283 281 281 280 280 281 285 287 290 295 303 309 312 315 320 322 323 325 327 327 331 328 327 328 330 334 337 340 342 344 345 345 345 346 346 347 347 348 349 350 351 352 356 358
355 359 362 364 365 364 361 359 358 356 352 350 349 346 342 339 335 332 328 324 322 320 319 317 315 316 313 305 301 298 294 293 292 292 291 290 290 287 288 285 283 281 280 280 281 281 281 280 281 282 281 281 281 281 280 281 283 284 283 285 290 297 303 306 309 311 314 317 318 321 319 318 319 320 322 326 330 335 336 336 335 336 336 336 335 336 340 341 342 344 345 346 347 350
356 359 363 366 367 366 360 355 353 353 351 349 347 345 341 337 333 331 328 325 322 320 320 321 321 317 318 308 302 297 293 291 290 290 289 289 288 288 287 284 281 279 279 281 282 282 281 282 281 280 279 279 278 279 281 282 282 281 281 282 283 286 291 293 293 295 298 299 299 301 304 309 310 309 311 313 317 321 324 328 330 329 331 331 327 327 330 334 336 338 339 340 340 340
357 356 357 361 364 365 359 355 353 353 352 348 343 341 339 336 332 331 328 327 326 325 323 321 319 315 309 300 296 292 289 288 289 289 288 286 290 294 290 289 284 282 281 281 282 282 281 280 279 280 279 278 278 279 281 282 283 284 285 284 283 283 284 286 287 289 288 287 285 286 290 295 295 295 297 300 303 304 306 311 316 318 320 319 318 320 322 322 325 328 330 332 333 332
358 358 357 358 359 359 358 356 352 350 348 345 340 337 335 334 332 331 329 327 326 325 324 321 317 310 303 295 287 282 279 280 284 286 287 288 291 289 291 292 288 284 282 281 280 278 279 280 280 279 280 280 280 281 284 285 287 289 291 291 289 285 283 283 284 283 284 282 278 280 285 286 286 288 289 290 290 291 293 296 299 300 301 300 303 306 310 311 314 317 320 323 324 325
362 360 359 358 357 357 357 356 354 352 349 343 337 335 334 333 331 329 327 325 325 326 325 322 317 312 306 296 293 290 281 280 279 282 285 286 288 285 285 286 288 285 282 279 277 276 277 278 279 277 277 279 281 285 290 295 298 299 300 298 290 291 288 287 284 281 279 277 278 280 284 284 283 283 283 282 283 284 284 285 287 286 286 286 289 293 299 303 305 310 315 319 319 319
366 363 364 359 357 355 355 356 352 349 344 342 338 335 333 332 332 332 330 328 328 329 328 326 322 316 308 304 301 298 286 285 282 281 285 284 282 283 282 281 284 283 282 279 276 274 274 276 274 274 272 275 279 286 292 298 302 303 308 309 300 299 293 291 288 287 284 280 279 279 279 284 283 282 281 281 281 282 282 282 282 281 281 283 285 285 285 287 291 296 301 306 309 313
367 363 360 359 355 355 352 349 346 345 343 342 339 338 338 337 337 338 338 335 335 334 332 328 324 319 312 303 302 295 298 287 283 282 283 287 285 284 282 281 283 281 281 281 279 277 276 278 276 272 271 274 279 288 295 291 292 309 312 309 302 298 294 291 289 285 283 279 277 277 278 280 283 282 279 279 278 279 279 279 278 278 279 280 282 282 282 282 283 285 287 290 293 298
365 363 357 356 351 350 349 348 347 344 342 341 339 336 336 338 338 338 337 336 334 332 331 329 324 319 314 310 310 303 299 290 285 283 284 286 286 287 283 284 285 287 283 282 280 279 279 278 276 273 272 273 276 283 290 295 290 285 285 297 298 296 297 290 284 282 286 280 277 277 277 278 282 282 281 279 279 279 278 278 279 280 281 281 281 280 279 279 278 279 282 284 285 288
365 363 358 357 354 351 349 348 346 344 343 342 341 340 338 338 338 337 335 334 331 329 327 326 324 321 317 312 310 309 302 294 288 285 286 284 283 282 279 280 287 287 287 285 282 281 281 280 278 277 277 277 280 282 285 288 291 289 287 291 291 289 287 288 291 296 290 285 282 278 277 277 278 278 278 279 281 283 283 281 280 279 279 280 281 280 278 279 278 278 279 279 281 283
365 364 360 358 356 355 353 351 350 349 348 347 348 348 348 348 346 343 339 337 335 332 331 329 327 324 319 316 315 310 304 299 287 282 284 283 282 281 282 284 282 287 286 285 284 283 284 283 281 282 282 281 281 284 286 283 283 287 286 284 288 288 290 290 295 291 293 290 283 279 276 279 276 275 277 279 282 283 284 284 284 284 282 280 279 276 274 274 275 275 277 278 280 281
366 366 365 362 359 358 356 355 355 355 354 352 351 350 350 350 351 350 346 342 340 338 336 332 329 324 321 319 314 309 302 302 293 285 282 281 280 280 280 281 283 282 286 284 283 284 286 286 286 285 284 283 284 285 288 287 284 283 284 285 282 283 290 292 294 297 293 290 286 283 281 283 278 277 279 279 280 281 283 283 284 284 282 280 280 278 275 273 272 273 274 277 279 281
372 370 369 367 364 363 363 362 361 359 356 354 352 354 356 357 354 352 351 349 346 341 337 335 331 328 326 322 318 313 310 309 302 288 281 280 279 278 277 278 278 280 278 281 285 290 286 288 284 282 281 281 285 283 281 280 281 281 282 283 282 284 287 288 290 290 289 285 285 288 287 285 283 281 281 280 280 282 285 285 285 286 285 282 279 278 274 272 272 272 276 275 276 278
373 373 372 371 368 367 368 368 366 363 361 359 357 356 357 358 357 355 352 349 347 345 341 337 333 330 329 325 319 315 314 312 310 299 288 284 283 280 275 275 278 277 277 279 283 284 283 282 283 283 283 283 282 281 281 283 283 283 283 284 289 286 285 283 283 282 281 283 285 288 286 284 284 280 278 277 279 282 284 283 282 281 281 281 281 280 278 274 272 283 278 278 278 278
374 375 375 374 373 372 372 370 367 364 362 361 361 361 361 359 357 356 354 352 349 347 345 341 335 330 326 320 318 317 317 316 314 305 295 288 286 287 284 281 276 276 276 276 277 275 274 282 280 283 284 284 282 279 280 281 283 283 283 285 286 286 285 284 283 282 282 286 283 287 284 286 281 279 273 274 277 280 282 282 279 277 279 281 283 282 280 274 273 277 279 278 284 281
377 376 376 377 378 378 377 376 374 371 368 366 364 362 361 357 355 354 353 352 349 348 346 342 338 335 330 324 320 317 315 314 313 311 306 297 291 286 283 279 274 274 277 277 277 272 270 273 277 277 282 281 280 279 280 281 281 281 282 283 282 283 282 281 282 282 284 285 286 284 284 289 285 283 279 278 280 281 282 282 280 276 275 277 278 277 277 277 277 279 281 281 281 280
385 385 384 382 380 378 377 377 377 376 373 368 366 365 362 356 353 351 351 349 346 344 343 341 340 339 336 330 324 317 313 310 309 308 306 301 294 289 284 283 281 279 279 278 276 275 273 274 275 279 280 280 279 279 281 282 283 278 279 280 281 283 282 281 281 282 285 290 289 290 292 294 292 287 287 283 281 282 283 282 277 275 275 276 277 278 279 279 280 281 281 281 278 276
390 388 387 385 384 381 380 379 378 375 372 370 368 365 359 355 352 350 349 346 343 341 338 336 335 335 334 331 327 322 316 313 311 310 309 305 298 294 288 287 287 286 284 281 278 276 275 275 274 274 278 278 279 279 281 279 277 277 278 278 278 277 277 277 277 278 280 284 288 286 287 287 287 284 282 282 281 280 284 285 284 282 279 279 278 279 280 279 280 283 284 282 277 276
392 392 391 389 387 384 382 380 377 375 371 366 363 360 357 352 349 348 346 345 342 338 334 331 331 331 330 330 330 327 321 317 314 313 312 310 305 301 295 291 288 288 287 284 281 278 278 277 276 274 277 277 276 277 279 277 277 277 278 277 276 275 275 275 276 277 276 277 280 283 281 283 282 281 281 286 287 286 287 288 290 289 287 281 279 280 278 276 278 281 282 281 280 276
389 389 390 388 388 386 383 380 376 372 369 366 363 359 355 351 348 346 343 342 340 338 336 334 333 331 328 328 329 327 324 321 319 317 318 316 313 308 304 299 295 292 288 286 283 281 280 279 278 277 277 275 276 277 278 278 278 279 279 278 275 275 274 274 274 275 277 278 278 279 280 283 278 278 278 278 279 281 286 290 294 295 294 283 284 283 284 280 277 278 279 279 279 279
390 388 386 386 384 382 381 379 375 371 369 366 362 359 356 353 349 345 342 339 337 338 337 335 336 335 333 332 329 327 326 326 327 327 324 320 317 313 308 303 300 296 292 288 285 284 283 281 279 276 275 275 275 277 279 279 280 280 280 280 280 278 275 273 273 272 273 275 276 277 279 279 279 276 276 276 276 277 278 280 281 290 293 290 289 283 285 282 279 278 278 278 277 278
390 387 386 385 382 379 376 374 371 368 365 363 361 357 355 352 348 346 345 345 344 341 338 337 338 338 338 337 335 333 330 330 329 326 324 322 319 314 310 306 303 300 297 293 288 285 285 286 286 284 283 278 276 276 277 278 279 279 278 277 278 277 276 275 275 274 274 274 273 274 276 278 280 276 277 278 278 277 276 280 284 287 289 281 288 293 286 284 282 281 277 274 273 276
397 396 392 387 383 379 376 372 368 365 361 360 359 357 355 353 352 350 349 348 346 343 340 338 337 337 337 336 335 334 333 332 329 325 323 321 319 315 311 309 306 305 302 299 293 290 287 285 286 287 289 285 281 279 278 277 277 277 277 278 280 278 276 275 276 276 277 278 277 276 276 278 284 283 283 282 280 279 280 278 282 283 284 283 284 286 286 287 288 283 280 278 276 276
397 397 397 392 385 378 375 374 372 368 365 360 357 354 351 350 349 348 348 347 345 343 340 338 338 336 335 334 333 332 332 332 330 326 323 324 323 319 316 313 311 309 307 302 298 295 293 290 287 289 286 286 286 285 282 279 277 277 278 280 281 280 279 279 278 275 274 274 273 274 275 280 286 283 282 280 280 286 284 287 286 282 281 280 281 283 286 287 289 288 285 281 276 273
406 405 402 396 387 379 375 372 369 365 364 362 359 356 355 353 352 350 347 346 345 343 342 341 340 339 336 334 332 330 329 329 330 331 332 332 328 324 322 320 318 314 311 308 304 301 300 300 298 293 290 287 287 288 288 287 285 284 282 282 282 283 281 280 278 275 275 273 272 272 273 278 281 283 276 275 279 281 283 288 289 285 282 282 283 286 286 288 289 287 286 285 280 276
410 408 404 399 390 387 380 378 374 371 367 363 360 358 355 354 353 351 349 348 348 347 344 343 344 343 342 340 338 334 332 331 331 331 332 333 330 327 325 322 320 316 314 313 311 309 309 310 308 307 303 298 295 293 291 289 287 287 286 285 285 283 281 280 279 279 278 278 276 275 276 279 283 281 281 281 281 282 287 288 288 282 281 282 285 288 289 289 288 286 284 283 281 276
412 411 406 404 397 393 387 385 380 375 370 366 363 362 360 359 356 353 351 351 351 350 349 348 346 345 345 345 344 343 342 343 337 336 337 336 332 329 326 325 323 321 317 316 316 316 318 317 319 317 311 306 302 299 297 295 293 291 288 287 286 285 284 283 281 280 279 278 278 278 278 279 282 280 281 282 281 281 284 282 280 279 280 281 279 279 280 282 281 281 283 283 282 280
413 411 407 404 398 391 389 386 382 379 373 371 369 366 363 362 359 356 354 354 354 354 353 351 349 348 348 347 347 347 348 347 345 342 338 335 333 331 329 327 325 323 322 319 319 320 318 319 320 317 313 309 306 300 296 295 295 295 294 293 292 289 284 282 281 280 279 278 278 279 279 280 281 283 283 283 284 284 283 285 281 279 277 276 276 276 275 276 275 278 280 280 280 280
415 411 407 404 394 391 391 388 383 382 380 377 374 370 366 364 362 360 358 356 356 356 355 353 350 349 350 350 350 351 352 352 351 349 346 340 338 337 335 333 329 326 324 322 323 319 319 320 319 316 314 313 310 305 302 300 299 297 297 297 297 296 293 290 288 284 281 278 279 280 281 280 279 279 280 280 281 282 283 279 279 277 276 275 276 275 274 273 273 275 276 277 277 276
414 409 405 400 393 391 391 389 386 384 381 378 376 372 369 365 365 367 366 365 365 361 358 356 355 356 356 356 355 356 357 356 354 353 351 348 345 341 337 336 334 331 326 325 327 323 324 323 320 317 315 313 312 308 306 304 302 300 301 305 302 299 297 293 294 296 295 292 286 283 281 279 278 277 276 276 277 281 278 279 281 280 277 275 274 275 275 274 275 275 275 277 275 275
419 416 410 402 398 395 392 390 387 385 383 382 381 380 378 377 377 375 371 367 364 360 361 362 364 365 366 366 366 366 365 365 362 359 356 354 350 349 345 342 336 333 331 333 328 327 328 327 325 322 318 316 314 311 309 308 306 305 309 307 304 301 301 298 301 302 302 300 298 296 292 285 279 275 273 271 272 274 275 277 280 281 280 276 275 275 276 278 278 277 278 280 278 277
421 417 412 407 401 397 395 394 393 390 389 388 387 386 386 385 386 380 380 374 367 364 364 366 369 371 372 373 375 375 375 374 371 369 367 364 359 353 351 348 342 341 341 337 336 337 337 336 334 332 328 324 319 316 314 311 308 307 309 306 304 305 305 306 302 303 302 303 304 302 297 292 285 279 275 274 271 271 272 274 277 277 277 277 277 277 277 280 281 282 283 283 279 277
424 419 414 410 405 404 404 399 400 395 393 393 394 394 392 391 385 383 382 379 375 374 377 377 378 378 377 377 382 384 385 384 381 377 374 369 365 359 355 352 350 350 345 342 342 342 343 343 343 341 338 333 327 322 319 318 316 314 314 313 313 311 310 308 307 306 306 307 307 306 303 299 295 292 287 282 277 275 272 272 275 277 279 280 280 281 281 283 286 286 285 283 280 275
420 418 413 411 414 407 403 400 401 399 396 395 396 397 393 391 392 388 387 387 388 392 388 393 392 391 390 389 391 393 394 393 393 390 384 377 371 364 360 355 354 354 347 345 345 346 346 345 344 342 339 337 333 328 322 319 318 317 316 316 317 320 314 312 312 312 311 310 309 310 308 304 303 301 300 297 293 289 284 279 278 278 280 282 283 285 286 287 286 284 284 284 283 282
428 422 418 419 420 419 412 408 404 403 400 397 397 398 398 392 391 390 389 392 395 396 398 400 400 400 403 399 396 396 399 401 402 398 392 385 378 371 367 364 361 355 350 347 346 346 345 344 341 340 338 339 337 333 329 325 323 321 322 321 322 321 323 322 320 318 317 316 314 313 310 307 304 304 304 303 303 303 302 299 296 293 290 288 286 287 287 286 285 285 285 285 285 285
437 431 428 425 423 422 420 417 414 409 405 403 402 401 400 397 394 393 393 395 398 397 401 404 406 409 408 406 406 406 405 405 406 403 398 392 386 379 375 371 368 367 361 358 355 352 349 345 342 342 342 341 339 337 335 332 329 329 329 326 325 325 325 327 327 323 320 317 314 312 310 309 308 310 308 307 309 311 312 311 309 305 303 300 296 295 293 290 287 286 285 285 285 285
442 440 435 431 428 426 425 423 421 419 416 414 410 408 406 402 399 397 395 395 396 398 403 403 405 410 412 414 415 415 414 414 411 407 403 401 397 390 385 382 377 374 368 369 367 360 355 350 349 347 347 347 345 343 340 338 336 336 332 329 325 326 326 327 326 322 318 316 316 317 316 314 314 315 313 312 312 312 313 314 313 311 309 307 304 302 299 297 293 291 290 291 291 290
